7486139
7641471
4849260
6252960
4165555
4579100
5149023
3340816
9351721
10100637
10777419
3142068
10323616
10323755
6919107
7635089
6480733
10662574
7989824
9085132
9094023
10670043
9916857
9615128
10615827
7722073
10474645
10537754
508660
9276068
2499333
4780316
7159711
10205108
9340379
5287726
3045468
1872377
9113067
7081301
2877246
9129433
10670041
9895313
9614901
10766931
4050163
10745802
7862081
1164116
10622289
10615775
10121868
4329135
10329848
5169284
10890243
1249252
4738938
10361528
10103794
10600166
10718931
9912899
1166725
10782517
2290305
5217948
10184726
10122522
7985816
9558740
9457848
10340895
9234723
2140717
9932836
5130722
6884496
10872915
10546518
10653643
10670053
7722057
10070871
7571908
7437742
9943525
4499215
10553425
7801843
10639015
9382091
10859452
9605274
6495413
4838311
10563737
10620615
10622291
10898441
841262
10485163
10715031
10327574
10563659
6487725
10656688
3266848
5451329
7984249
7819222
3445379
10650882
4405048
5121169
10792492
679745
679746
7129751
9770153
9832929
4915237
10157133
124644
2513860
4276021
7150265
7150267
1377383
1417818
4698436
9682948
10083373
9282070
120412
2621639
10026327
10115527
2687438
9210266
7906993
9889321
10772386
10653661
10653627
3867780
10480586
10508028
5155989
1300211
1300213
1071324
10671268
4023588
7039120
5300389
9718271
10349099
4939160
7514368
10162437
5798255
4066819
7364444
5365287
9308218
10102875
3546903
10332203
9715360
10513429
10092748
10181978
3937930
5217144
3445220
10656803
261022
4847169
7313538
7472753
4685579
10656188
9403292
10144638
279061
10650552
7823862
10222615
10222751
7462088
4005270
10107437
2329856
1813839
5599553
2434001
7111050
4643557
1014637
4725844
4352430
6988531
10114753
9160489
4984739
10771124
10771121
9730964
10459501
127400
9337939
9666989
9624003
10120771
5451352
9757908
9950410
9950412
9950414
9950406
7150947
3222364
7642469
1365487
571163
3138590
9924967
9718617
9922186
10859625
9679622
10180404
7310969
241821
10710137
10767501
2581929
3784207
6945005
1987363
4348345
9081057
10843627
4518740
10636433
10499245
3719632
3975151
9866998
4825379
9873826
9411100
9691958
4782456
4857987
10631769
10532092
9423411
831333