10603347
1622235
7352011
720726
720718
1864804
9177887
9864965
9583008
2329868
10325539
7159806
6945198
10408321
10093171
9076431
4288697
3571998
4469372
10653598
10470053
1218292
7603259
9448856
7356063
2715356
5451346
2770297
7915405
1113795
7669474
10869372
6534838
10099119
10851765
5054479
9883775
10688416
6927474
4622271
9417641
5312302
2867503
9716236
9333092
10386291
6074985
6074981
4311403
1052217
4416090
2532722
10248516
7059364
4276094
7791411
10422937
2122486
10519093
10519051
10519033
10532631
2329856
10331502
9530647
10629668
9591344
7826865
321596
9838767
10060314
5304821
4476247
576115
5305869
9671970
10139758
7262193
10653618
9869928
3245860
9778911
10508026
7648528
9603106
7986155
3809728
10559072
5422829
10582079
9952054
3443439
3731714
1184183
1265692
4058073
4004642
4004644
1227619
6964586
3783442
4350612
10067507
10530047
9770270
3807349
9951491
9918348
7862561
7435740
5927051
4849961
2691137
1553391
10788635
10611768
9887367
3119185
2791540
9359881
9928040
9412748
9177885
10421196
3344131
1800330
4316747
10070464
9930648
2434001
10126384
653094
157497
7787944
10843669
10448432
3950986
9691953
9691954
9724631
7069441
4288696
7855459
7530162
7530151
9700963
10321495
819105
1567669
9337934
1026838
10135896
571163
7819161
4785579
10539898
10879221
5351006
3928925
4683335
5031566
9691970
1100175
4180595
10157186
9233363
9273403
3947562
3014875
7570511
9250724
7855101
4282460
4274019
7859949
5516624
9913901
10070459
4135896
2433998
5599553
5599552
427232
5148889
259699
9462726
9750702
1026937
4170823
5122600
3663655
6987819
10402494
10238726
7061131
9601965
1527990
4984740
10716714
10470041
10463333
10415899
10646607
3546285
9939979
10529953
2334845
4842637
7816785
4009388
7647730
7348004
7511002
6852616
10844202
5073323
10153964
10153966
9497905
10627129
2967622
7533931
10322007
4530817
5312292
10127921
5541427
680493
10620621
10323751
9094023
3950778
2929594
4684539
10391551
5155992
2570619
2757034
7915406
10238598
7486139
698116
9423106
7454662
9759326
10189004
264249
10801886
9277936
10911911
9438094
10724435
10724437
5069236
1722683
10872906
4301490
10749703
1029750
7943631
10353616
4608425
7641471
7573660
4738938
3543066
6893789
10375434
10895785
9320042
5035586
1871432
10499973
4476196
151495
10193701
10718931
6884496
1430098
2506470
6912634
7943634
10645366
10132517
2797358
9735319
7353096
2361805
10280021